6985.0 3833.0 2107.0 5144.0 4074.0 1379.0 1181.0 5686.0 1744.0 2783.0
9217.0 1050.0 6359.0 8758.0 2744.0 4717.0 8857.0 1358.0 3689.0 8343.0
81.0 7330.0 5388.0 8594.0 9390.0 3701.0 6348.0 7767.0 377.0 7111.0
6432.0 1853.0 4602.0 948.0 9862.0 8674.0 7689.0 1269.0 5912.0 4092.0
9052.0 5502.0 714.0 4940.0 1801.0 6767.0 477.0 8651.0 9737.0 8827.0
6111.0 8473.0 2038.0 91.0 9882.0 9928.0 8123.0 1474.0 4503.0 3544.0
7726.0 7883.0 9747.0 6137.0 5528.0 3597.0 2748.0 3753.0 4129.0 7884.0
5418.0 3069.0 6874.0 6560.0 5768.0 4223.0 4897.0 1813.0 7141.0 7249.0
8116.0 6305.0 6617.0 9607.0 1852.0 839.0 3413.0 9116.0 2077.0 1420.0
2257.0 1286.0 4499.0 2859.0 1404.0 2663.0 25.0 3600.0 867.0 4668.0
4018.0 3615.0 6961.0 6386.0 4381.0 3343.0 9752.0 1938.0 7241.0 4758.0
4430.0 3827.0 6285.0 671.0 4466.0 5499.0 5176.0 7483.0 3111.0 6560.0
2142.0 5745.0 6096.0 6403.0 9746.0 456.0 8276.0 1123.0 6137.0 5481.0
3026.0 8472.0 1193.0 2529.0 3575.0 4913.0 4929.0 8021.0 1429.0 2294.0
383.0 1808.0 8867.0 1308.0 8462.0 6800.0 7471.0 9449.0 4211.0 9997.0
5467.0 9099.0 8157.0 3437.0 8872.0 3333.0 5729.0 1028.0 2532.0 2539.0
1329.0 5271.0 447.0 568.0 8081.0 7013.0 5623.0 5969.0 3470.0 1987.0
8448.0 1576.0 8274.0 206.0 8157.0 4430.0 9537.0 5099.0 7226.0 1948.0
9517.0 975.0 7077.0 9867.0 7084.0 168.0 7479.0 4376.0 3526.0 8745.0
1205.0 1775.0 6665.0 2714.0 916.0 1969.0 4198.0 1136.0 6703.0 432.0
7263.0 1746.0 4598.0 6491.0 5980.0 6862.0 5557.0 1161.0 9606.0 3172.0
1232.0 1317.0 4286.0 1279.0 2732.0 8367.0 6212.0 9454.0 8456.0 9226.0
7698.0 6724.0 5592.0 4939.0 5971.0 5684.0 5589.0 7131.0 9152.0 9574.0
7016.0 9605.0 2366.0 2231.0 6005.0 8535.0 4883.0 5031.0 1913.0 408.0
2814.0 7364.0 970.0 9019.0 402.0 5225.0 2884.0 145.0 1337.0 2992.0
340.0 1893.0 512.0 6133.0 1391.0 4367.0 9887.0 9580.0 6133.0 1545.0
9520.0 6407.0 9113.0 6510.0 152.0 3856.0 3929.0 7397.0 5897.0 8442.0
4120.0 9723.0 6854.0 8668.0 1351.0 4581.0 9267.0 5458.0 515.0 3606.0
6533.0 4721.0 5508.0 6515.0 8627.0 7755.0 6084.0 4908.0 7439.0 6958.0
4538.0 7018.0 7136.0 8959.0 5321.0 5775.0 5847.0 9108.0 7673.0 7768.0
6263.0 2129.0 7301.0 744.0 1188.0 8090.0 4064.0 172.0 4000.0 485.0
2078.0 4073.0 7181.0 6829.0 3562.0 1243.0 346.0 3993.0 1165.0 5575.0
8248.0 4250.0 5951.0 5621.0 8488.0 7756.0 1989.0 6133.0 311.0 7279.0
7156.0 4843.0 7410.0 3462.0 8561.0 9374.0 3206.0 250.0 4898.0 6957.0
6461.0 9590.0 7851.0 1670.0 5323.0 8677.0 6122.0 1730.0 9923.0 576.0
5853.0 7912.0 404.0 8859.0 1687.0 3169.0 6677.0 6185.0 1589.0 4414.0
5071.0 7060.0 8694.0 2898.0 4520.0 4613.0 6441.0 6956.0 1486.0 869.0
7819.0 4058.0 1991.0 3967.0 4333.0 5642.0 2273.0 725.0 5195.0 9516.0
1556.0 6065.0 6508.0 620.0 5019.0 8726.0 5375.0 8095.0 7386.0 479.0
8271.0 3895.0 5006.0 8983.0 2061.0 580.0 5377.0 5942.0 1981.0 6685.0
492.0 7969.0 7454.0 1447.0 8147.0 7718.0 2570.0 4130.0 4807.0 6840.0
8640.0 5196.0 4096.0 3158.0 6575.0 5132.0 8743.0 2805.0 3329.0 7865.0
2375.0 3053.0 4059.0 9783.0 242.0 6532.0 7569.0 6175.0 9309.0 480.0
9776.0 5276.0 508.0 8700.0 5087.0 9981.0 2169.0 3966.0 3590.0 711.0
8137.0 1913.0 1442.0 740.0 1810.0 91.0 1658.0 8727.0 9563.0 7370.0
5006.0 8911.0 4078.0 8875.0 205.0 7123.0 1331.0 8082.0 9649.0 3294.0
5685.0 5661.0 5524.0 3604.0 4531.0 9104.0 312.0 6676.0 4044.0 6301.0
8942.0 7871.0 4778.0 6289.0 522.0 1950.0 6594.0 4885.0 4949.0 6874.0
2143.0 5147.0 261.0 1323.0 8888.0 2594.0 7075.0 1167.0 8397.0 5059.0
2551.0 9394.0 6138.0 1607.0 8968.0 5989.0 4997.0 5855.0 7083.0 380.0
