9758.0 53.0 4390.0 5325.0 5424.0
4758.0 7023.0 2733.0 3714.0 6496.0
9003.0 7292.0 3122.0 8730.0 5986.0
694.0 837.0 3254.0 5991.0 202.0
1105.0 8386.0 3117.0 7118.0 4041.0
3479.0 8614.0 5701.0 7224.0 9035.0
7716.0 9455.0 8039.0 4786.0 9328.0
9071.0 2367.0 5759.0 4346.0 6678.0
1495.0 7340.0 9815.0 2130.0 7349.0
2718.0 8693.0 3142.0 8928.0 445.0
100.0 813.0 6229.0 7267.0 7306.0
7160.0 2823.0 2533.0 6972.0 6254.0
9585.0 73.0 8372.0 3968.0 2420.0
5662.0 9306.0 9694.0 8844.0 1280.0
6437.0 4403.0 6848.0 9770.0 1351.0
1271.0 3949.0 6313.0 1880.0 4796.0
5382.0 4920.0 9317.0 2249.0 3768.0
1156.0 2347.0 8614.0 3335.0 5834.0
9665.0 6865.0 7160.0 9509.0 5108.0
73.0 918.0 8788.0 4510.0 123.0
1595.0 4382.0 3616.0 233.0 3723.0
5644.0 8417.0 4888.0 5004.0 5226.0
8830.0 1501.0 5133.0 205.0 7425.0
2301.0 7598.0 4204.0 768.0 1157.0
9095.0 2166.0 837.0 2278.0 3751.0
2210.0 13.0 574.0 9093.0 9598.0
9598.0 9611.0 3170.0 3268.0 3815.0
6198.0 2934.0 7565.0 5017.0 2226.0
5940.0 3403.0 4483.0 6985.0 5628.0
2299.0 2621.0 3743.0 8420.0 9869.0
9093.0 1232.0 9614.0 4187.0 152.0
3231.0 4247.0 8321.0 2338.0 1903.0
9631.0 4110.0 3399.0 8840.0 9039.0
9295.0 2995.0 7366.0 2951.0 936.0
408.0 9851.0 4056.0 9553.0 2635.0
5279.0 4221.0 3414.0 6649.0 1994.0
8524.0 3868.0 1131.0 403.0 7441.0
914.0 3888.0 4675.0 5799.0 590.0
8979.0 2377.0 1064.0 4223.0 5633.0
8219.0 4136.0 107.0 5377.0 3090.0
1462.0 246.0 4372.0 2530.0 9568.0
514.0 1439.0 8932.0 5505.0 1482.0
4123.0 2913.0 624.0 9549.0 6442.0
4172.0 3603.0 3787.0 3022.0 9760.0
8573.0 8548.0 1473.0 5724.0 4692.0
5993.0 5068.0 3604.0 6590.0 1209.0
1801.0 3223.0 1535.0 3927.0 7940.0
1732.0 6686.0 624.0 5207.0 9500.0
2574.0 1554.0 4125.0 278.0 6823.0
6122.0 3044.0 8565.0 6368.0 4529.0
