1999.0 8708.0 6912.0 9728.0 8400.0 8094.0 2853.0 50.0 7976.0 9164.0 6563.0 8427.0 2139.0 1492.0 4124.0 1401.0 7773.0 7978.0 9660.0 5842.0 800.0 3284.0 8640.0 9740.0 3225.0 8986.0 9601.0 7633.0 8439.0 2329.0 5298.0 4249.0 3854.0 1830.0 6509.0 9798.0 6691.0 9628.0 5711.0 4442.0 4721.0 7377.0 467.0 123.0 7872.0 1647.0 5170.0 330.0 5305.0 1899.0
6346.0 7788.0 2289.0 6771.0 1838.0 4440.0 5548.0 9313.0 2859.0 1510.0 7307.0 9431.0 3316.0 6612.0 9505.0 2745.0 9096.0 7590.0 6918.0 9590.0 5206.0 741.0 9286.0 3708.0 4029.0 6387.0 3665.0 9611.0 926.0 6733.0 8334.0 5842.0 9818.0 7710.0 8027.0 4873.0 9215.0 3930.0 5556.0 676.0 7639.0 6067.0 9170.0 8608.0 3714.0 1999.0 4376.0 2559.0 4794.0 1749.0
7365.0 8767.0 4413.0 4334.0 8359.0 8345.0 9113.0 7292.0 5121.0 7507.0 8095.0 7809.0 9365.0 5392.0 6769.0 3622.0 1471.0 9156.0 4310.0 4398.0 5082.0 4560.0 8844.0 2975.0 1202.0 916.0 6517.0 665.0 8205.0 7636.0 2844.0 9074.0 7474.0 245.0 229.0 6539.0 1846.0 6857.0 86.0 4893.0 6960.0 2892.0 8647.0 5087.0 7696.0 9952.0 7419.0 5239.0 3460.0 9397.0
2301.0 7940.0 7650.0 1917.0 9787.0 9422.0 2243.0 4103.0 5884.0 313.0 7839.0 705.0 6249.0 5147.0 9274.0 6990.0 5160.0 9261.0 9685.0 5849.0 109.0 7499.0 3575.0 1461.0 5588.0 2992.0 6477.0 4255.0 8493.0 5610.0 8332.0 4842.0 8847.0 1995.0 547.0 4687.0 8258.0 6739.0 8270.0 3425.0 56.0 530.0 423.0 1810.0 6366.0 2407.0 7581.0 5217.0 9494.0 6923.0
6980.0 3421.0 9478.0 2.0 5575.0 3894.0 9946.0 9918.0 8263.0 4375.0 5765.0 200.0 3114.0 8473.0 4709.0 8683.0 2613.0 5342.0 5434.0 3792.0 1182.0 3211.0 9724.0 943.0 910.0 2002.0 9471.0 226.0 3912.0 536.0 1633.0 7792.0 8401.0 6995.0 5557.0 8444.0 1747.0 9694.0 4335.0 1193.0 2113.0 4673.0 1.0 2122.0 9813.0 2475.0 1288.0 4836.0 4599.0 1589.0
282.0 6309.0 895.0 6544.0 4269.0 164.0 2170.0 1389.0 2494.0 6711.0 2469.0 5540.0 3480.0 4037.0 7871.0 1774.0 5113.0 4728.0 496.0 1515.0 4736.0 3923.0 6975.0 8063.0 1861.0 9593.0 8293.0 7853.0 2886.0 2052.0 7025.0 6517.0 1961.0 1147.0 5099.0 3692.0 872.0 5255.0 5390.0 7998.0 9786.0 4507.0 3388.0 8434.0 4150.0 356.0 1143.0 5930.0 2695.0 4724.0
249.0 7467.0 1622.0 1502.0 7476.0 6481.0 2807.0 259.0 3763.0 1464.0 6911.0 6143.0 2778.0 357.0 2827.0 1865.0 3152.0 9692.0 6742.0 3740.0 4188.0 9435.0 5269.0 3764.0 9095.0 8465.0 9300.0 3624.0 4390.0 6780.0 4796.0 5831.0 5317.0 4993.0 2537.0 4733.0 2423.0 2351.0 5910.0 8882.0 7139.0 7002.0 5018.0 8440.0 2366.0 5748.0 7934.0 9993.0 4359.0 6365.0
2351.0 4463.0 8571.0 3600.0 9228.0 3803.0 4131.0 2145.0 3567.0 9181.0 2897.0 8549.0 5799.0 5852.0 797.0 2448.0 6301.0 5108.0 3692.0 1654.0 697.0 5145.0 147.0 6530.0 236.0 2778.0 562.0 6238.0 9931.0 8993.0 9202.0 4209.0 2891.0 1669.0 5318.0 6622.0 6898.0 2076.0 872.0 1623.0 7138.0 2942.0 9973.0 536.0 6857.0 7050.0 9125.0 6607.0 3682.0 5038.0
2539.0 6804.0 3875.0 9158.0 9191.0 9941.0 3415.0 5224.0 8950.0 9166.0 9190.0 8194.0 4365.0 7012.0 8292.0 3843.0 9863.0 2286.0 3839.0 2332.0 8307.0 6447.0 7292.0 8248.0 4289.0 9930.0 1197.0 8223.0 7421.0 8569.0 8239.0 2386.0 3894.0 3574.0 7181.0 1160.0 7149.0 5533.0 8181.0 3955.0 3331.0 5237.0 8584.0 3193.0 6939.0 7291.0 2317.0 9756.0 8750.0 7450.0
4961.0 7140.0 8047.0 8806.0 1358.0 6830.0 4437.0 1337.0 1200.0 8361.0 3453.0 2165.0 1825.0 6301.0 317.0 7422.0 6528.0 4296.0 9282.0 9389.0 2570.0 5867.0 5568.0 6612.0 8128.0 5007.0 8754.0 6148.0 4744.0 8260.0 1409.0 3388.0 9020.0 7345.0 4335.0 4395.0 5315.0 8763.0 2308.0 9105.0 8315.0 4246.0 4979.0 6200.0 1821.0 5420.0 4443.0 2626.0 397.0 919.0
6043.0 3247.0 4279.0 7988.0 2.0 2734.0 2084.0 6617.0 2421.0 410.0 9040.0 9206.0 8193.0 1821.0 9825.0 3600.0 7295.0 3307.0 550.0 1771.0 6188.0 6102.0 1662.0 2939.0 6200.0 947.0 3541.0 6032.0 1299.0 5640.0 9928.0 3681.0 7804.0 5774.0 4850.0 2413.0 827.0 2436.0 7885.0 1916.0 3881.0 6422.0 8070.0 1719.0 3281.0 8337.0 2068.0 7398.0 6885.0 6484.0
9552.0 482.0 7428.0 233.0 8378.0 2360.0 9023.0 9504.0 1656.0 6955.0 8384.0 9239.0 7800.0 6676.0 2139.0 224.0 2999.0 9325.0 215.0 8959.0 8336.0 158.0 2069.0 106.0 3104.0 9317.0 1145.0 2739.0 5217.0 1272.0 393.0 6114.0 239.0 2180.0 4417.0 6073.0 7877.0 207.0 9521.0 9785.0 8885.0 6039.0 7903.0 9101.0 5163.0 1941.0 5623.0 4532.0 1989.0 2922.0
4516.0 2419.0 6224.0 1552.0 7631.0 8728.0 6577.0 7725.0 4241.0 6173.0 6723.0 9368.0 4954.0 3735.0 9913.0 84.0 1925.0 4748.0 395.0 1084.0 6432.0 9298.0 325.0 2175.0 8388.0 746.0 1073.0 3502.0 7057.0 9693.0 4870.0 2906.0 4417.0 9358.0 4135.0 9389.0 413.0 950.0 7842.0 4622.0 8870.0 5077.0 256.0 7684.0 552.0 662.0 9063.0 5899.0 9275.0 4346.0
8601.0 392.0 5840.0 8749.0 8564.0 8426.0 3740.0 1353.0 1942.0 9701.0 517.0 6582.0 8031.0 5390.0 1127.0 4965.0 6655.0 627.0 9479.0 8470.0 1184.0 8910.0 8437.0 721.0 2508.0 450.0 8669.0 4603.0 4120.0 8746.0 9794.0 7781.0 9163.0 661.0 7052.0 904.0 8938.0 2.0 2658.0 8025.0 173.0 6667.0 4296.0 588.0 5347.0 6233.0 5130.0 8263.0 5310.0 4752.0
2768.0 7258.0 4084.0 9071.0 2894.0 628.0 9454.0 1783.0 1655.0 4824.0 1566.0 348.0 7877.0 247.0 9421.0 7113.0 3755.0 727.0 4858.0 2726.0 1964.0 357.0 9741.0 3393.0 4324.0 8832.0 3947.0 4467.0 4065.0 4940.0 2248.0 3735.0 4629.0 6543.0 2710.0 6242.0 1392.0 8069.0 7364.0 418.0 3153.0 8716.0 3214.0 5544.0 9333.0 4244.0 6781.0 9389.0 84.0 1770.0
4459.0 6952.0 5808.0 6795.0 2568.0 9521.0 5296.0 595.0 338.0 37.0 9374.0 9906.0 9385.0 2899.0 166.0 5610.0 8125.0 2192.0 6660.0 9764.0 8354.0 6993.0 3701.0 2305.0 567.0 3483.0 227.0 9311.0 1523.0 1612.0 6922.0 6150.0 5682.0 6465.0 3272.0 9064.0 9602.0 1903.0 6505.0 86.0 3711.0 829.0 4030.0 9489.0 2587.0 2667.0 1268.0 6292.0 9317.0 4719.0
3410.0 9751.0 5191.0 208.0 4315.0 3278.0 3622.0 3539.0 7048.0 3288.0 6871.0 5231.0 9280.0 494.0 8826.0 309.0 2900.0 8527.0 9741.0 2712.0 3649.0 1305.0 155.0 7777.0 5712.0 4896.0 5182.0 6364.0 9511.0 8541.0 2202.0 3328.0 9857.0 8458.0 6922.0 1185.0 3491.0 5653.0 4327.0 2234.0 6198.0 1423.0 5743.0 8962.0 5983.0 4353.0 7821.0 6734.0 556.0 7114.0
9567.0 7836.0 6295.0 618.0 6519.0 4071.0 8066.0 6501.0 6487.0 3698.0 1624.0 6545.0 3603.0 9415.0 8244.0 809.0 4264.0 8024.0 687.0 5606.0 7135.0 3219.0 885.0 9126.0 3335.0 8405.0 4625.0 2888.0 5706.0 1433.0 9718.0 808.0 9680.0 5817.0 6900.0 5905.0 9235.0 681.0 2254.0 7858.0 9070.0 1172.0 7934.0 7564.0 3196.0 8671.0 2600.0 4461.0 6335.0 7823.0
1051.0 7064.0 351.0 6449.0 7712.0 9423.0 9300.0 556.0 2166.0 6847.0 8680.0 255.0 497.0 5966.0 2858.0 369.0 1067.0 5988.0 6716.0 2517.0 5780.0 4679.0 5519.0 6969.0 7437.0 2374.0 4421.0 5963.0 2956.0 3423.0 1871.0 560.0 2681.0 9819.0 7356.0 5964.0 7917.0 3552.0 9493.0 2684.0 8615.0 1725.0 7688.0 2225.0 4350.0 6519.0 5663.0 7079.0 9944.0 9261.0
5340.0 6047.0 9438.0 1486.0 878.0 6090.0 3880.0 1968.0 6634.0 8321.0 676.0 4650.0 6495.0 7721.0 3240.0 827.0 2699.0 9056.0 6082.0 5278.0 3697.0 3851.0 1246.0 8936.0 6887.0 2543.0 5619.0 7258.0 5652.0 2725.0 4145.0 2867.0 8936.0 1573.0 1113.0 8617.0 4162.0 6031.0 9811.0 2480.0 9874.0 4891.0 597.0 2578.0 6222.0 8112.0 3568.0 8873.0 4289.0 8904.0
8545.0 3617.0 4470.0 6886.0 5738.0 6501.0 6236.0 3319.0 9817.0 1462.0 8997.0 7566.0 334.0 5389.0 9342.0 96.0 816.0 4618.0 8749.0 8262.0 5663.0 1284.0 652.0 3832.0 6756.0 9276.0 1562.0 9604.0 9666.0 8638.0 2132.0 6537.0 3859.0 4392.0 5091.0 8944.0 7912.0 7265.0 2423.0 521.0 1716.0 8646.0 3189.0 8353.0 9369.0 1824.0 7877.0 4790.0 7136.0 2121.0
7112.0 8244.0 1150.0 2203.0 2883.0 9249.0 9635.0 4998.0 8339.0 1978.0 9685.0 2279.0 7576.0 1384.0 3326.0 3048.0 9047.0 2484.0 6831.0 9576.0 1274.0 8707.0 5912.0 1254.0 1496.0 1087.0 9241.0 5445.0 5057.0 8699.0 4082.0 4598.0 3016.0 4759.0 9385.0 6241.0 1827.0 2245.0 4083.0 4615.0 2158.0 4935.0 4386.0 7528.0 1896.0 3308.0 9578.0 4957.0 6207.0 2310.0
1766.0 4287.0 8148.0 9408.0 815.0 4693.0 6455.0 6680.0 1241.0 8826.0 5328.0 6366.0 6530.0 803.0 2131.0 9237.0 3079.0 2633.0 3880.0 8191.0 2849.0 783.0 6897.0 5482.0 1648.0 8702.0 7500.0 5708.0 7865.0 2470.0 8146.0 3730.0 709.0 7425.0 6564.0 6154.0 4385.0 2398.0 1478.0 6275.0 2334.0 9859.0 8397.0 5362.0 7777.0 4900.0 9184.0 5165.0 7311.0 2076.0
9001.0 5538.0 4519.0 9907.0 3370.0 658.0 4050.0 2915.0 6919.0 5367.0 5908.0 3206.0 9775.0 490.0 9019.0 6889.0 4664.0 5107.0 5785.0 5745.0 8541.0 4726.0 8554.0 7037.0 6919.0 6553.0 3568.0 695.0 1647.0 3174.0 6068.0 5841.0 8115.0 6969.0 4257.0 8835.0 6547.0 121.0 2134.0 510.0 4604.0 6622.0 3087.0 3709.0 2885.0 5351.0 6845.0 4766.0 9304.0 3551.0
96.0 5042.0 3020.0 9505.0 7671.0 1912.0 903.0 8694.0 6092.0 5354.0 2968.0 3278.0 5859.0 9679.0 1364.0 4660.0 6990.0 9184.0 9137.0 4356.0 5840.0 6913.0 4517.0 3867.0 3353.0 16.0 6045.0 5658.0 4884.0 2759.0 6067.0 3690.0 3250.0 7036.0 8868.0 5736.0 9641.0 3859.0 7441.0 6733.0 8405.0 3987.0 2742.0 9336.0 9260.0 4785.0 9884.0 4630.0 4355.0 4504.0
3630.0 7529.0 5053.0 5329.0 1960.0 8444.0 2049.0 5261.0 576.0 5291.0 2598.0 5292.0 157.0 550.0 3900.0 9307.0 360.0 1008.0 7134.0 4759.0 5034.0 9224.0 853.0 6517.0 6970.0 1980.0 6131.0 1840.0 7862.0 4796.0 2498.0 2309.0 2059.0 1160.0 8853.0 2565.0 7073.0 5913.0 1109.0 2508.0 7435.0 7258.0 755.0 6772.0 8914.0 4236.0 7749.0 8427.0 7465.0 1649.0
9707.0 3138.0 2931.0 2572.0 7807.0 5332.0 5833.0 4312.0 3107.0 3214.0 8784.0 4498.0 2276.0 4721.0 3424.0 4617.0 7963.0 925.0 6795.0 6435.0 2536.0 5786.0 8448.0 4858.0 4700.0 8618.0 8073.0 9498.0 5155.0 699.0 3431.0 4381.0 9626.0 2028.0 7609.0 94.0 4407.0 2139.0 9710.0 6575.0 7235.0 1957.0 3812.0 626.0 3971.0 7728.0 1829.0 3186.0 8600.0 8028.0
3564.0 2352.0 8676.0 1581.0 8528.0 4380.0 9850.0 8367.0 8129.0 1995.0 4522.0 6445.0 6546.0 3225.0 5155.0 7382.0 4321.0 6235.0 5138.0 1882.0 3189.0 9278.0 623.0 5755.0 2678.0 2858.0 339.0 9538.0 1045.0 4215.0 8814.0 3068.0 449.0 6111.0 6159.0 2516.0 5793.0 2453.0 9781.0 8547.0 5784.0 647.0 711.0 4522.0 3247.0 9286.0 7096.0 4053.0 2280.0 648.0
1353.0 9482.0 6173.0 8883.0 8185.0 503.0 4567.0 5050.0 2217.0 9937.0 3137.0 229.0 1871.0 8974.0 8605.0 4607.0 3251.0 4464.0 5229.0 4760.0 4619.0 8254.0 2784.0 7459.0 1013.0 3548.0 8385.0 4762.0 472.0 9001.0 681.0 3237.0 1152.0 1367.0 9613.0 801.0 3053.0 6154.0 4220.0 1529.0 1748.0 899.0 2632.0 9426.0 3391.0 5127.0 5267.0 4301.0 5482.0 9225.0
7087.0 3535.0 9417.0 7350.0 8270.0 9962.0 424.0 5259.0 2880.0 2245.0 7173.0 4739.0 3420.0 8514.0 6171.0 6680.0 8352.0 4613.0 2088.0 2249.0 6252.0 7884.0 8897.0 4032.0 7699.0 5754.0 1203.0 9709.0 8221.0 8741.0 2078.0 5144.0 7659.0 873.0 6001.0 494.0 9182.0 9324.0 5257.0 3541.0 1291.0 5787.0 3531.0 7285.0 9940.0 5616.0 1932.0 5012.0 5981.0 6638.0
5269.0 1839.0 4088.0 4609.0 7991.0 9818.0 5861.0 4518.0 270.0 4775.0 9701.0 6958.0 562.0 1297.0 3244.0 4807.0 1613.0 4530.0 2376.0 3386.0 964.0 2708.0 8856.0 9043.0 8767.0 9359.0 5011.0 1070.0 933.0 7246.0 847.0 5369.0 5319.0 1270.0 7579.0 6045.0 1255.0 2096.0 5683.0 1144.0 8964.0 6362.0 6915.0 1570.0 7213.0 1090.0 3656.0 6513.0 2540.0 5754.0
1785.0 2898.0 6983.0 6337.0 8334.0 7349.0 8643.0 3796.0 1784.0 9177.0 7340.0 4447.0 4852.0 1960.0 3850.0 6565.0 1044.0 5221.0 7164.0 878.0 8841.0 3792.0 1478.0 7809.0 8364.0 7730.0 8729.0 7540.0 1206.0 2369.0 5221.0 7563.0 9218.0 5253.0 2979.0 121.0 5456.0 3234.0 5608.0 1855.0 3272.0 7197.0 4858.0 7820.0 4311.0 7977.0 1100.0 2838.0 9767.0 1778.0
1018.0 6063.0 417.0 980.0 6577.0 3344.0 5637.0 5424.0 8685.0 6036.0 3139.0 6279.0 374.0 3760.0 8398.0 7660.0 9758.0 9058.0 5727.0 7832.0 9143.0 579.0 8698.0 7724.0 7553.0 2401.0 8341.0 5423.0 3623.0 9820.0 1053.0 9930.0 7156.0 9637.0 1103.0 2470.0 4568.0 4624.0 2983.0 5097.0 8486.0 8906.0 8414.0 5549.0 1837.0 3800.0 2826.0 5995.0 2582.0 4303.0
4855.0 7113.0 1021.0 1429.0 1970.0 4967.0 8625.0 588.0 8446.0 1600.0 2706.0 8151.0 3413.0 7312.0 3447.0 1917.0 6624.0 8363.0 5938.0 2728.0 4730.0 1113.0 1758.0 6277.0 9.0 7140.0 5662.0 4209.0 6216.0 2504.0 5785.0 1584.0 4017.0 257.0 4636.0 942.0 529.0 879.0 6555.0 7217.0 7540.0 3188.0 4294.0 1475.0 181.0 2629.0 5625.0 434.0 2042.0 5124.0
2488.0 5393.0 4775.0 2336.0 886.0 5233.0 7264.0 2137.0 4914.0 799.0 169.0 3609.0 7090.0 7737.0 4699.0 7706.0 1071.0 2698.0 2000.0 671.0 4108.0 4998.0 4638.0 411.0 6111.0 1356.0 3057.0 2064.0 6638.0 1349.0 8407.0 995.0 8134.0 1693.0 5506.0 2930.0 9722.0 8148.0 81.0 4638.0 8720.0 4747.0 3761.0 7194.0 3964.0 1360.0 2310.0 2120.0 1599.0 6513.0
1231.0 8482.0 8274.0 1863.0 6180.0 3317.0 1718.0 732.0 5750.0 7068.0 2999.0 9095.0 4955.0 275.0 3442.0 2808.0 4613.0 3640.0 8927.0 4137.0 6797.0 8843.0 8801.0 4902.0 4067.0 3248.0 6144.0 2943.0 2685.0 9070.0 7020.0 2322.0 5403.0 6979.0 8476.0 8612.0 2189.0 9198.0 5046.0 4814.0 9334.0 4854.0 3894.0 4029.0 5248.0 8277.0 7861.0 9515.0 8186.0 380.0
3211.0 8431.0 5994.0 9983.0 8308.0 5278.0 7862.0 1770.0 2952.0 1337.0 8527.0 1733.0 6809.0 2959.0 8782.0 6807.0 7608.0 2520.0 6804.0 3457.0 3641.0 7481.0 4890.0 7434.0 463.0 2978.0 3109.0 8759.0 6067.0 5339.0 2344.0 2602.0 9040.0 8477.0 512.0 4254.0 87.0 421.0 3232.0 9416.0 9986.0 605.0 3999.0 791.0 8575.0 8981.0 9075.0 341.0 4530.0 8812.0
3143.0 2583.0 8218.0 6490.0 9203.0 5947.0 7274.0 4186.0 686.0 4905.0 4469.0 1078.0 835.0 8653.0 3177.0 5686.0 2579.0 6619.0 3462.0 7021.0 211.0 5160.0 1335.0 7994.0 7558.0 2629.0 729.0 2406.0 6973.0 1062.0 6621.0 9745.0 7860.0 254.0 7564.0 3792.0 2884.0 1288.0 9523.0 1114.0 253.0 5449.0 4083.0 8262.0 3215.0 4305.0 9199.0 1781.0 3289.0 3318.0
1659.0 4203.0 2825.0 195.0 3937.0 5896.0 5327.0 1665.0 360.0 4527.0 9571.0 8797.0 2258.0 2624.0 6376.0 9294.0 4342.0 7359.0 713.0 7464.0 429.0 396.0 4110.0 3193.0 4864.0 3859.0 805.0 7416.0 2813.0 6257.0 9177.0 2440.0 3072.0 6305.0 565.0 3266.0 6970.0 564.0 5456.0 307.0 4288.0 679.0 7988.0 3934.0 8607.0 3712.0 672.0 568.0 4124.0 2786.0
4520.0 3250.0 1501.0 4086.0 8598.0 8073.0 8914.0 405.0 7164.0 475.0 2958.0 8741.0 4438.0 964.0 8902.0 7397.0 5080.0 4939.0 5608.0 7483.0 6990.0 8096.0 3267.0 8744.0 7091.0 1906.0 9533.0 3906.0 484.0 4719.0 6950.0 3927.0 2571.0 963.0 908.0 8773.0 6101.0 4928.0 9462.0 6901.0 3030.0 5234.0 4057.0 7209.0 9542.0 4650.0 1560.0 2491.0 6552.0 2833.0
9635.0 4967.0 9354.0 4860.0 1473.0 6555.0 4297.0 5935.0 6378.0 7519.0 8685.0 5818.0 661.0 4900.0 6673.0 4082.0 6997.0 6901.0 1805.0 3950.0 8205.0 4376.0 6453.0 2489.0 3532.0 3855.0 3245.0 2839.0 4319.0 5479.0 3069.0 4544.0 5811.0 7380.0 3664.0 3310.0 4820.0 5246.0 7008.0 5503.0 3942.0 4977.0 5941.0 1393.0 9515.0 8852.0 4466.0 9653.0 2732.0 9965.0
1285.0 4355.0 2800.0 5792.0 9807.0 2969.0 2038.0 3285.0 9400.0 2785.0 2560.0 85.0 1035.0 4089.0 7958.0 7180.0 8265.0 2071.0 99.0 7816.0 6663.0 7762.0 8706.0 8579.0 9095.0 7753.0 7180.0 1107.0 4308.0 5416.0 4547.0 6276.0 5686.0 2125.0 741.0 2122.0 1664.0 2205.0 7294.0 1376.0 5514.0 8917.0 6481.0 2433.0 1803.0 9718.0 1879.0 3980.0 1524.0 7245.0
1706.0 8192.0 502.0 3155.0 3967.0 8759.0 4064.0 9352.0 8024.0 9391.0 289.0 2485.0 9844.0 8882.0 4693.0 4606.0 3113.0 8753.0 9599.0 4630.0 6451.0 6146.0 4358.0 8461.0 5816.0 2431.0 8937.0 8051.0 6221.0 8645.0 602.0 7620.0 4591.0 2753.0 5874.0 3331.0 2601.0 4634.0 3941.0 2508.0 2711.0 4767.0 992.0 5868.0 298.0 7158.0 4200.0 2666.0 8596.0 5906.0
6225.0 2326.0 7035.0 9300.0 7185.0 1341.0 6804.0 5579.0 7208.0 3874.0 5998.0 4561.0 2646.0 4867.0 6431.0 487.0 6891.0 4032.0 8460.0 1489.0 2119.0 5537.0 8019.0 2292.0 3277.0 4864.0 6053.0 4853.0 4867.0 4979.0 9385.0 3412.0 4390.0 4779.0 741.0 9472.0 9210.0 2571.0 9873.0 1103.0 4071.0 6790.0 7648.0 6803.0 3911.0 4671.0 3715.0 2059.0 1136.0 891.0
9632.0 7817.0 5203.0 2152.0 23.0 238.0 4292.0 5175.0 8027.0 4549.0 5489.0 20.0 1802.0 3001.0 1662.0 5284.0 2801.0 6373.0 4807.0 8476.0 234.0 6815.0 2774.0 7848.0 7222.0 3908.0 6935.0 250.0 5204.0 7373.0 6399.0 3951.0 3791.0 4933.0 6093.0 9631.0 9726.0 6317.0 6244.0 950.0 2475.0 1394.0 6142.0 3237.0 5825.0 7810.0 2714.0 5587.0 8357.0 6580.0
2188.0 1102.0 1607.0 1853.0 940.0 6438.0 335.0 285.0 7827.0 1472.0 6876.0 9369.0 3148.0 7761.0 7966.0 8559.0 885.0 2940.0 7754.0 9182.0 2529.0 3499.0 905.0 2850.0 4683.0 3450.0 446.0 6951.0 4744.0 5023.0 6090.0 6193.0 7381.0 9515.0 3498.0 1006.0 5314.0 1717.0 6109.0 3329.0 9711.0 1183.0 2001.0 4965.0 8831.0 299.0 5170.0 493.0 7325.0 5563.0
6473.0 8373.0 20.0 8572.0 3862.0 6400.0 490.0 3320.0 382.0 335.0 623.0 8784.0 716.0 2740.0 1409.0 8534.0 5206.0 8341.0 1258.0 2274.0 6318.0 2067.0 7127.0 3420.0 2824.0 6676.0 1285.0 7683.0 9384.0 4647.0 8963.0 5706.0 6028.0 302.0 110.0 1160.0 8913.0 1362.0 9961.0 8411.0 9921.0 5763.0 674.0 364.0 5062.0 296.0 5566.0 5898.0 5276.0 3249.0
3104.0 7349.0 712.0 1955.0 8366.0 1699.0 1548.0 1971.0 6291.0 2257.0 9036.0 2999.0 8799.0 6020.0 3913.0 379.0 8330.0 2448.0 4808.0 5038.0 5085.0 9261.0 3176.0 6748.0 1903.0 8791.0 2106.0 6043.0 8259.0 4715.0 8917.0 1831.0 5854.0 4659.0 8030.0 9755.0 6232.0 2576.0 9107.0 2554.0 2424.0 6458.0 2670.0 3557.0 8465.0 1426.0 9137.0 2810.0 4699.0 1022.0
1919.0 9085.0 5203.0 178.0 3233.0 9049.0 2850.0 9609.0 138.0 8684.0 8463.0 506.0 4690.0 4592.0 8595.0 3431.0 6253.0 429.0 8217.0 8365.0 1500.0 5212.0 2790.0 8967.0 750.0 7920.0 3276.0 6195.0 9092.0 6895.0 1622.0 4317.0 6265.0 3081.0 3063.0 6527.0 5971.0 6729.0 6048.0 7113.0 3864.0 8174.0 8724.0 4766.0 1931.0 3034.0 4728.0 3604.0 4445.0 8519.0
228.0 1789.0 8814.0 2523.0 3156.0 2399.0 4223.0 8871.0 3842.0 7877.0 6937.0 6479.0 868.0 487.0 3460.0 5794.0 2648.0 2798.0 1251.0 6278.0 680.0 2371.0 9543.0 3222.0 6681.0 1963.0 9656.0 7701.0 9019.0 8439.0 9241.0 9999.0 7186.0 1669.0 6505.0 1113.0 8143.0 7260.0 6323.0 4632.0 9236.0 7862.0 7930.0 2159.0 8306.0 7655.0 5032.0 4858.0 1106.0 5025.0
